26.47258425862 7.730763948072e-6 
26.91027687591 8.567667273555e-6 
28.01456407871 9.077054316158e-6 
29.55755259603 9.432840427950e-6 
32.32031916942 9.992653200351e-6 
35.13152213405 1.072275379627e-5 
38.41560158279 1.188177049051e-5 
42.63712600738 1.359556584098e-5 
46.62320200214 1.575827262461e-5 
50.83067186237 1.898314515594e-5 
55.91519838540 2.286755461187e-5 
61.50860695522 2.826408913315e-5 
68.06655330554 3.725239591261e-5 
74.76452374900 4.754725548506e-5 
79.82940041283 5.546883498504e-5 
83.47755187201 5.952634834534e-5 
86.00128237423 6.029265693854e-5 
88.60029078259 5.726777653188e-5 
90.19493978329 4.814367683957e-5 
90.32602008726 3.919477894259e-5 
89.11862169873 2.879225434724e-5 
87.01629171605 2.212427024423e-5 
83.58384806734 1.778334311607e-5 
81.00762863484 1.457211678677e-5 
77.92887784041 1.233085492534e-5 
70.21018668506 8.550738898131e-6 
60.67278378775 5.929955682627e-6 
51.42638231807 4.413842166409e-6 
44.50855438989 3.808507598920e-6 
43.13800475063 3.688316612128e-6 
36.40281647612 3.689608144506e-6 
33.79114688640 3.859965562637e-6 
31.27389390259 4.278658621242e-6 
29.68619757486 4.712140615862e-6 
27.63938967926 5.788845581319e-6 
26.66993089044 6.975267908408e-6 
26.47258425862 7.730763948072e-6


5.613594438057 4.590411306039e-4 
5.905180998261 4.832075127611e-4 
6.258250549450 4.708883524661e-4 
7.177031727286 4.386266666158e-4 
8.696872363773 3.981613060927e-4 
10.12324216643 3.591436208934e-4 
11.23513766515 3.117269661976e-4 
12.26642039948 2.521128896882e-4 
12.90292024148 2.000213192127e-4 
13.57222893042 1.450389107839e-4 
14.08600819796 9.736741443960e-5 
14.21208176903 8.507386093867e-5 
14.10634939419 7.529656706680e-5 
13.73310793730 7.061385186491e-5 
13.27076560633 7.199351258102e-5 
12.52210227443 7.483261978637e-5 
11.58923507165 8.136588864466e-5 
10.34915107773 8.138488205161e-5 
9.241866367431 8.680692788828e-5 
8.630112878547 9.317855049611e-5 
8.155450522612 1.013091566041e-4 
7.514314220331 1.159662327896e-4 
6.954667678986 1.424657954282e-4 
6.351122911975 1.927372206820e-4 
5.930957599109 2.590655362390e-4 
5.546976653179 3.985307628677e-4 
5.571882821253 4.277185238483e-4 
5.613594438057 4.590411306039e-4