0.4  7.6976e+13  8.42781e+13  3.79584e+13  1.41393e+14  1.63004e+13  1.77147e+14
0.5  6.89852e+10  7.00285e+10  3.21185e+10  1.06108e+11  1.33352e+10  1.50585e+11
0.6  7.85889e+09  7.80057e+09  3.49631e+09  1.3248e+10  1.30155e+09  1.69798e+10
0.7  2.11252e+09  2.02557e+09  9.4389e+08  3.34315e+09  3.73043e+08  5.06909e+09
0.8  8.45451e+08  8.16567e+08  3.59536e+08  1.15964e+09  1.77828e+08  2.31365e+09
0.9  3.94294e+08  3.94933e+08  1.7269e+08  6.28007e+08  8.00113e+07  8.02002e+08
1  2.2818e+08  2.14756e+08  9.81153e+07  3.54933e+08  4.30547e+07  4.55375e+08
2  1.14503e+07  1.03206e+07  4.6349e+06  1.64444e+07  2.66742e+06  2.39378e+07
3  2.65623e+06  2.54416e+06  1.16897e+06  4.14901e+06  388396  5.8064e+06
4  839709  878650  405587  1.49377e+06  200028  1.90524e+06
5.1  489465  390518  179204  624526  80011.3  829274
