0.4  4.46119e+14  4.88633e+14  2.19025e+14  7.65987e+14  7.37411e+13  1.13119e+15
0.5  4.06564e+11  4.07445e+11  1.85478e+11  5.9937e+11  8.8914e+10  1.20808e+12
0.6  4.72168e+10  4.62602e+10  2.11209e+10  7.39965e+10  9.33466e+09  1.09588e+11
0.7  1.2436e+10  1.21713e+10  5.67618e+09  2.05465e+10  2.64739e+09  2.71219e+10
0.8  4.87328e+09  4.49722e+09  2.17655e+09  8.05721e+09  1.06682e+09  1.01321e+10
0.9  2.34193e+09  2.32646e+09  1.05188e+09  3.64498e+09  4.81486e+08  5.28871e+09
1  1.33958e+09  1.20508e+09  5.28082e+08  2.00374e+09  2e+08  2.82908e+09
2  6.85141e+07  6.15013e+07  2.83023e+07  1.01746e+08  1.33352e+07  1.3318e+08
3  1.567e+07  1.49318e+07  6.95958e+06  2.4795e+07  3.3338e+06  3.24418e+07
4  5.07592e+06  5.30642e+06  2.41267e+06  7.95066e+06  1.2448e+06  1.38395e+07
5.1  2.8868e+06  2.31983e+06  1.06797e+06  4.06888e+06  419603  5.08009e+06
