0.4  4.60248e+14  5.02426e+14  2.27267e+14  7.85968e+14  9.11231e+13  1.42665e+15
0.5  8.37337e+11  8.85043e+11  3.93815e+11  1.47444e+12  2.00028e+11  1.85259e+12
0.6  1.71076e+11  1.69271e+11  7.8332e+10  2.64334e+11  3.33381e+10  3.69509e+11
0.7  7.08867e+10  6.98322e+10  3.35642e+10  1.10335e+11  1.77828e+10  1.66821e+11
0.8  4.25557e+10  4.14445e+10  1.82586e+10  6.4922e+10  1.06697e+10  9.87854e+10
0.9  2.80554e+10  2.75784e+10  1.30486e+10  4.58605e+10  5.92798e+09  5.97304e+10
1  2.3253e+10  2.10393e+10  9.83444e+09  3.4712e+10  4.66733e+09  4.36164e+10
2  9.09315e+09  8.14378e+09  3.73083e+09  1.40329e+10  2.00028e+09  1.70335e+10
3  8.16425e+09  7.60197e+09  3.41151e+09  1.20721e+10  1.60023e+09  1.46065e+10
4  6.59591e+09  6.95868e+09  3.18227e+09  1.08914e+10  1.57389e+09  1.50267e+10
5  7.16705e+09  7.04919e+09  3.40043e+09  1.10937e+10  1.42438e+09  1.61643e+10
