0.4  7.78364e+13  8.69377e+13  4.07673e+13  1.30636e+14  1.77828e+13  3.52248e+14
0.5  1.46454e+11  1.50716e+11  6.59477e+10  2.33628e+11  2.93375e+10  3.36925e+11
0.6  2.88647e+10  2.8455e+10  1.27497e+10  4.46283e+10  5.33409e+09  7.63101e+10
0.7  1.2246e+10  1.20947e+10  5.48134e+09  2.02046e+10  2.66704e+09  2.60544e+10
0.8  7.24718e+09  7.00816e+09  3.23204e+09  1.08494e+10  1.33352e+09  1.53695e+10
0.9  4.78696e+09  4.76455e+09  2.13816e+09  7.42306e+09  9.33465e+08  1.03286e+10
1  3.72202e+09  3.50941e+09  1.67199e+09  5.82358e+09  7.33437e+08  8.50689e+09
2  1.57356e+09  1.3825e+09  6.57596e+08  2.38023e+09  2.23286e+08  2.89232e+09
3  1.26182e+09  1.24155e+09  5.48702e+08  1.93149e+09  2.88765e+08  2.74655e+09
4  1.12097e+09  1.18715e+09  5.30089e+08  1.81053e+09  2.26699e+08  2.44124e+09
5  1.24305e+09  1.14318e+09  5.32436e+08  1.95315e+09  2.40034e+08  2.68719e+09
