5.99816e+0   2.88214e-44
6.18805e+0   1.76378e-44
6.34428e+0   1.19077e-44
6.46403e+0   8.30675e-45
6.58605e+0   5.79473e-45
6.75232e+0   3.78616e-45
6.96608e+0   2.24239e-45
7.14195e+0   1.72571e-45
7.36805e+0   1.20384e-45
7.60130e+0   8.12742e-46
7.89097e+0   5.31029e-46
8.45101e+0   2.85086e-46
8.93866e+0   1.68845e-46
9.27929e+0   1.29940e-46
9.75375e+0   8.77259e-47
1.03166e+1   5.92259e-47
1.08441e+1   4.41113e-47
1.13985e+1   3.39473e-47
1.19069e+1   2.52839e-47
1.27520e+1   1.76378e-47
1.40018e+1   1.15242e-47
1.50893e+1   8.03921e-48
1.63629e+1   6.60549e-48
1.76338e+1   5.25266e-48
2.02256e+1   3.54620e-48
2.36363e+1   2.81992e-48
2.57916e+1   2.47380e-48
2.99536e+1   1.90380e-48
3.50047e+1   1.72571e-48
3.81966e+1   1.67012e-48
4.40848e+1   1.61633e-48
5.24913e+1   1.61633e-48
5.72778e+1   1.61633e-48
6.36806e+1   1.67012e-48
7.07991e+1   1.72571e-48
7.82242e+1   1.84248e-48
8.58910e+1   1.90380e-48
9.72947e+1   2.10027e-48
1.16572e+2   2.39413e-48
1.27202e+2   2.64120e-48
1.48652e+2   2.91377e-48
1.74806e+2   3.32144e-48
1.90746e+2   3.54620e-48
2.25708e+2   4.17689e-48
2.58883e+2   4.76130e-48
2.84256e+2   5.08348e-48
3.85795e+2   6.82532e-48
4.20975e+2   7.28718e-48
5.74925e+2   1.01097e-47
6.27351e+2   1.07938e-47
8.56772e+2   1.49746e-47
9.34899e+2   1.59879e-47
1.10626e+3   1.88314e-47
1.36741e+3   2.36814e-47
1.49210e+3   2.61253e-47
1.74371e+3   3.07717e-47
2.03775e+3   3.62445e-47
2.22357e+3   3.86970e-47
3.03672e+3   5.36856e-47
3.31363e+3   5.73184e-47
4.49730e+3   7.69584e-47
4.93809e+3   8.77259e-47
6.70203e+3   1.17785e-46
7.31317e+3   1.25755e-46
9.98758e+3   1.74464e-46
